1693769821697,104,2
1693769821775,104,6
1693769821775,103,8
1693769821775,103,10
1693769821775,102,12
1693769821775,102,14
1693769821775,102,17
1693769821776,102,20
1693769821776,102,25
1693769821856,101,31
1693769821856,100,40
1693769821857,100,44
1693769821857,100,48
1693769821857,99,51
1693769821857,99,51
1693769821937,99,52
1693769821937,99,53
1693769822022,99,53
1693769823560,99,53
1693769823640,98,53
1693769823640,95,56
1693769823640,93,58
1693769823641,90,60
1693769823641,87,62
1693769823641,85,64
1693769823641,82,66
1693769823721,81,67
1693769823722,79,69
1693769823724,78,71
1693769823725,77,721693769823732,76,74
1693769823807,76,75
1693769823809,76,76
1693769823814,75,76
1693769823887,75,76
1693769823967,75,77
1693769823967,75,77
1693769823967,74,77
1693769823967,74,77
1693769824046,74,78
1693769824046,73,78
1693769824046,73,79
1693769824046,72,81
1693769824126,72,82
1693769824126,72,86
1693769824126,72,90
1693769824126,72,95
1693769824126,72,99
1693769824207,73,101
1693769824208,74,107
1693769824208,76,110
1693769824210,77,110
1693769824211,79,111
1693769824286,82,111
1693769824286,86,110
1693769824287,90,109
1693769824287,94,108
1693769824287,97,108
1693769824287,99,108
1693769824367,99,1081693769824367,100,108
1693769824367,100,109
1693769824446,101,109
1693769824446,101,109
1693769824447,101,110
1693769824447,102,110
1693769824447,103,113
1693769824447,103,114
1693769824526,104,122
1693769824526,104,126
1693769824527,103,131
1693769824527,101,137
1693769824606,99,141
1693769824606,96,146
1693769824606,92,149
1693769824606,87,153
1693769824686,83,156
1693769824686,78,158
1693769824686,73,160
1693769824686,69,162
1693769824686,66,165
1693769824687,63,167
1693769824687,61,171
1693769824765,59,176
1693769824845,57,183
1693769824845,56,189
1693769824845,56,194
1693769824846,56,200
1693769824846,57,204
1693769824846,60,2081693769824846,63,210
1693769824846,65,211
1693769824926,67,211
1693769824926,68,211
1693769824926,70,211
1693769824926,70,211
1693769825007,71,211
1693769825008,71,210
1693769825008,72,210
1693769825008,72,209
1693769825008,73,208
1693769825091,74,208
1693769825092,76,206
1693769825092,76,205
1693769825092,78,203
1693769825092,78,202
1693769825092,79,202
1693769825172,79,201
1693769825462,78,201
1693769825462,74,201
1693769825542,72,201
1693769825542,69,201
1693769825542,67,199
1693769825542,64,196
1693769825542,61,193
1693769825621,60,190
1693769825621,59,188
1693769825621,58,184
1693769825621,58,182
1693769825621,58,1791693769825701,58,175
1693769825701,58,169
1693769825701,58,163
1693769825701,57,159
1693769825702,56,152
1693769825702,55,145
1693769825702,55,144
1693769825780,55,142
1693769825781,55,141
1693769825781,55,140
1693769825781,55,140
1693769825860,55,137
1693769825860,56,133
1693769825861,58,128
1693769825861,60,124
1693769825861,62,121
1693769825939,64,119
1693769825940,65,118
1693769825940,65,118
1693769826019,66,118
1693769826019,66,118
1693769826019,67,118
1693769826019,70,119
1693769826019,74,124
1693769826020,77,128
1693769826100,81,132
1693769826100,82,136
1693769826100,83,139
1693769826181,83,140
1693769826181,83,1421693769826181,83,142
1693769826181,83,143
1693769826181,83,144
1693769826366,83,144
1693769826366,83,145
1693769826445,83,148
1693769826446,83,151
1693769826446,83,153
1693769826446,83,153
1693769826525,83,154
1693769826525,83,154
1693769827214,83,155
1693769827299,83,158
1693769827299,82,164
1693769827299,82,168
1693769827299,79,184
1693769827299,78,195
1693769827381,77,207
1693769827381,76,218
1693769827382,75,228
1693769827382,74,235
1693769827461,74,241
1693769827461,74,246
1693769827461,74,250
1693769827461,74,254
1693769827461,74,257
1693769827540,74,264
1693769827540,74,266
1693769827541,74,267
1693769827541,74,2701693769827541,73,275
1693769827620,73,278
1693769827620,73,281
1693769827620,72,288
1693769827621,72,290
1693769827621,72,296
1693769827621,72,300
1693769827700,72,305
1693769827700,71,310
1693769827700,71,312
1693769827700,69,320
1693769827700,69,324
1693769827701,68,327
1693769827779,68,329
1693769827780,67,330
1693769827780,67,330
1693769827859,67,331
1693769827938,67,331
1693769828021,67,331
1693769828021,67,330
1693769828112,67,328
1693769828112,67,324
1693769828112,67,316
1693769828112,67,305
1693769828113,67,299
1693769828192,67,275
1693769828192,67,258
1693769828192,67,242
1693769828192,67,229
1693769828192,67,2181693769828193,67,208
1693769828272,67,198
1693769828272,67,187
1693769828272,67,175
1693769828272,69,156
1693769828351,70,149
1693769828351,70,142
1693769828351,71,133
1693769828351,73,126
1693769828352,73,122
1693769828430,75,118
1693769828431,75,116
1693769828431,76,114
1693769828513,77,112
1693769828513,78,110
1693769828513,78,109
1693769828513,78,109
1693769828513,79,107
1693769828513,79,106
1693769828513,79,106
1693769828592,79,106
1693769828593,79,106
1693769828672,79,105
1693769828672,79,105
1693769828672,80,104
1693769828672,80,102
1693769828672,81,100
1693769828672,81,98
1693769828673,81,96
1693769828751,82,941693769828752,83,92
1693769828752,83,89
1693769828752,85,86
1693769828752,86,82
1693769828831,88,79
1693769828831,90,75
1693769828831,92,70
1693769828832,94,67
1693769828832,96,63
1693769828911,96,63
1693769828912,96,62
1693769828912,96,61
1693769828912,96,61
1693769828912,95,61
1693769828994,95,61
1693769828994,92,60
1693769828994,91,60
1693769828995,89,59
1693769829084,88,59
1693769829084,86,59
1693769829085,85,59
1693769829085,83,59
1693769829085,82,59
1693769829085,81,60
1693769829164,81,60
1693769829164,80,60
1693769829164,80,60
1693769829246,79,61
1693769829246,79,61
1693769829246,78,611693769829246,78,61
1693769829246,76,63
1693769829247,75,64
1693769829329,74,65
1693769829329,73,66
1693769829329,72,67
1693769829329,71,69
1693769829409,70,70
1693769829410,70,71
1693769829410,69,72
1693769829410,68,74
1693769829413,67,75
1693769829414,67,77
1693769829491,66,78
1693769829492,66,79
1693769829492,66,79
1693769829492,66,80
1693769829492,66,80
1693769829822,66,80
1693769829912,66,80
1693769829912,68,80
1693769829912,70,79
1693769829912,74,79
1693769829913,77,79
1693769829913,81,79
1693769829992,84,79
1693769829992,88,78
1693769829992,91,78
1693769829992,94,77
1693769829992,98,761693769830071,101,76
1693769830072,106,75
1693769830072,110,75
1693769830072,114,75
1693769830072,118,75
1693769830152,122,75
1693769830152,124,75
1693769830152,126,76
1693769830232,127,76
1693769830232,127,76
1693769830232,128,76
1693769830381,128,76
1693769830501,128,76
1693769830501,129,76
1693769830501,130,77
1693769830501,132,78
1693769830583,135,79
1693769830583,138,81
1693769830583,139,81
1693769830583,141,82
1693769830583,143,82
1693769830583,144,83
1693769830584,145,83
1693769830584,145,83
1693769830660,146,83
1693769831295,145,83
1693769831375,144,83
1693769831375,143,83
1693769831375,139,82
1693769831375,133,791693769831375,126,77
1693769831375,119,74
1693769831376,113,73
1693769831455,107,70
1693769831455,102,69
1693769831455,98,68
1693769831582,94,67
1693769831582,91,67
1693769831582,90,67
1693769831662,89,66
1693769831662,88,66
1693769831662,88,66
1693769831662,88,66
1693769831662,88,66
1693769832137,89,66
1693769832218,91,66
1693769832218,98,67
1693769832219,110,67
1693769832219,122,68
1693769832219,131,69
1693769832315,139,70
1693769832315,144,72
1693769832315,147,72
1693769832315,148,73
1693769832315,149,73
1693769832397,149,73
1693769832814,148,73
1693769832894,146,73
1693769832894,140,73
1693769832894,133,731693769832895,125,73
1693769832895,116,73
1693769832974,106,73
1693769832975,99,73
1693769832975,93,73
1693769832975,89,73
1693769832975,87,73
1693769833054,87,72
1693769833054,87,72
1693769833054,87,72
1693769833138,87,72
1693769833138,86,72
1693769833341,87,72
1693769833342,88,72
1693769833421,91,73
1693769833421,97,75
1693769833422,102,77
1693769833422,117,80
1693769833501,124,81
1693769833501,131,81
1693769833502,135,81
1693769833589,138,79
1693769833589,138,76
1693769833589,138,73
1693769833590,137,70
1693769833590,132,68
1693769833590,126,68
1693769833590,121,68
1693769833675,114,73
1693769833675,108,791693769833676,105,84
1693769833676,102,94
1693769833756,102,99
1693769833756,104,103
1693769833756,110,106
1693769833756,116,106
1693769833758,122,106
1693769833758,128,102
1693769833835,129,101
1693769833835,135,92
1693769833836,136,90
1693769833836,136,81
1693769833836,130,75
1693769833917,121,72
1693769833917,111,70
1693769833917,101,70
1693769833917,95,70
1693769833917,91,73
1693769833997,89,78
1693769833997,90,83
1693769833997,97,90
1693769833997,106,95
1693769834077,115,99
1693769834078,119,99
1693769834079,124,99
1693769834079,128,97
1693769834079,130,92
1693769834156,131,84
1693769834156,127,76
1693769834157,114,681693769834157,104,65
1693769834157,96,64
1693769834237,88,64
1693769834237,85,66
1693769834237,83,68
1693769834237,85,74
1693769834316,93,80
1693769834316,98,83
1693769834316,114,87
1693769834316,122,87
1693769834396,129,87
1693769834397,133,84
1693769834397,135,78
1693769834397,136,72
1693769834397,131,66
1693769834397,122,60
1693769834477,110,58
1693769834477,97,58
1693769834478,89,58
1693769834478,84,59
1693769834478,82,62
1693769834557,84,67
1693769834557,93,74
1693769834557,104,80
1693769834557,115,84
1693769834636,125,84
1693769834636,130,84
1693769834636,134,80
1693769834636,134,74
1693769834636,133,671693769834636,126,61
1693769834715,122,59
1693769834715,108,55
1693769834715,104,55
1693769834716,95,55
1693769834716,93,58
1693769834799,93,64
1693769834800,96,72
1693769834800,100,78
1693769834800,106,82
1693769834900,112,85
1693769834900,118,85
1693769834900,119,84
1693769834900,122,78
1693769834900,125,70
1693769834901,125,61
1693769834901,125,51
1693769834980,121,43
1693769834980,112,39
1693769834980,96,37
1693769834980,73,46
1693769835059,65,52
1693769835059,49,65
1693769835059,43,72
1693769835060,40,76
1693769835060,40,78
1693769835060,40,79
1693769835221,40,79
1693769835221,39,81
1693769835306,38,851693769904535,56,40
1693769910079,115,3
1693769910156,115,6
1693769910156,114,9
1693769910156,113,11
1693769910157,113,13
1693769910235,112,15
1693769910235,112,18
1693769910235,111,22
1693769910235,111,27
1693769910235,111,31
1693769910236,111,33
1693769910236,111,37
1693769910315,111,39
1693769910316,111,39
1693769910316,111,40
1693769910316,111,40
1693769910897,110,40
1693769910976,110,41
1693769910977,109,42
1693769910977,108,45
1693769910977,107,48
1693769910977,106,53
1693769910977,106,56
1693769911055,105,62
1693769911056,105,69
1693769911056,104,73
1693769911056,103,78
1693769911056,103,81
1693769911056,102,831693769911056,102,84
1693769911134,102,84
1693769911135,102,85
1693769911135,102,85
1693769911135,102,86
1693769911213,102,88
1693769911213,102,92
1693769911213,102,96
1693769911214,101,102
1693769911292,100,105
1693769911293,97,113
1693769911293,97,116
1693769911293,95,121
1693769911293,95,123
1693769911371,95,125
1693769911372,95,125
1693769911372,95,126
1693769911372,95,126
1693769911372,95,126
1693769911450,95,127
1693769911451,94,128
1693769911451,93,132
1693769911451,92,138
1693769911529,91,142
1693769911530,89,147
1693769911530,88,152
1693769911530,87,156
1693769911530,86,160
1693769911608,84,164
1693769911608,83,1681693769911609,83,171
1693769911609,82,173
1693769911609,82,176
1693769911609,82,177
1693769911687,82,179
1693769911687,82,180
1693769911766,81,182
1693769911766,81,185
1693769911766,81,187
1693769911766,81,189
1693769911766,81,193
1693769911767,81,196
1693769911845,81,198
1693769911845,81,200
1693769911845,81,203
1693769911845,81,206
1693769911846,81,209
1693769911924,81,211
1693769911924,81,212
1693769911924,81,212
1693769911924,81,213
1693769911924,81,213
1693769912006,81,213
1693769912006,81,213
1693769912006,80,214
1693769912006,80,215
1693769912006,80,215
1693769912089,80,215
1693769912089,80,215
1693769912089,80,2141693769912089,80,214
1693769912297,80,204
1693769912297,80,200
1693769912376,80,189
1693769912376,81,179
1693769912376,83,172
1693769912376,91,156
1693769912376,94,149
1693769912376,102,137
1693769912455,108,128
1693769912455,114,120
1693769912455,119,113
1693769912455,123,109
1693769912455,130,102
1693769912534,133,99
1693769912534,136,96
1693769912534,140,95
1693769912613,141,94
1693769912613,143,94
1693769912613,146,94
1693769912613,147,94
1693769912613,148,93
1693769912613,150,93
1693769912614,152,93
1693769912692,155,93
1693769912693,158,93
1693769912693,160,93
1693769912693,162,93
1693769912693,163,93
1693769912771,165,931693769912771,166,93
1693769912771,167,93
1693769912850,170,93
1693769912850,171,93
1693769912850,174,93
1693769912850,176,93
1693769912850,177,93
1693769912929,179,93
1693769912929,180,94
1693769912929,182,94
1693769912929,183,94
1693769912929,184,94
1693769913008,186,95
1693769913008,187,95
1693769913008,188,95
1693769913009,190,95
1693769913087,191,95
1693769913087,192,95
1693769913088,193,95
1693769913088,193,95
1693769913088,194,95
1693769913166,194,95
1693769913166,194,95
1693769913167,194,95
1693769913245,195,95
1693769913245,195,95
1693769913245,196,95
1693769913246,197,95
1693769913246,197,95
1693769913327,198,951693769913327,199,95
1693769913406,199,95
1693769913903,198,96
1693769913903,198,96
1693769913982,194,99
1693769913982,182,106
1693769913982,171,111
1693769913982,147,121
1693769914061,121,128
1693769914061,95,136
1693769914061,74,140
1693769914062,67,141
1693769914062,59,143
1693769914062,55,143
1693769914140,54,143
1693769914140,53,141
1693769914140,53,140
1693769914140,53,139
1693769914462,53,138
1693769914541,56,136
1693769914542,67,128
1693769914542,82,119
1693769914542,98,110
1693769914542,115,102
1693769914542,122,98
1693769914542,129,94
1693769914542,135,88
1693769914622,139,82
1693769914622,142,74
1693769914622,146,591693769914622,151,40
1693769914622,161,10
1693769916175,105,39
1693769916254,104,40
1693769916254,102,42
1693769916254,101,44
1693769916254,100,49
1693769916254,98,55
1693769916333,97,64
1693769916333,96,71
1693769916333,95,79
1693769916333,95,81
1693769916412,95,82
1693769916412,95,83
1693769916413,95,83
1693769916413,95,83
1693769916492,96,83
1693769916492,97,83
1693769916492,97,83
1693769916571,97,82
1693769920141,97,82
1693769920221,96,80
1693769920221,93,76
1693769920221,90,73
1693769920221,87,69
1693769920221,85,65
1693769920221,84,65
1693769920221,84,64
1693769920301,84,64
1693769920301,84,641693769920380,83,64
1693769920502,83,63
1693769920503,83,62
1693769920585,83,60
1693769920585,83,58
1693769920585,83,57
1693769920585,83,56
1693769920664,83,55
1693769920664,83,55
1693769920664,84,55
1693769920665,85,55
1693769920743,86,54
1693769920744,87,53
1693769920744,89,53
1693769920823,89,53
1693769920823,90,53
1693769920823,94,53
1693769920823,97,55
1693769920823,100,57
1693769920823,103,60
1693769920823,104,62
1693769920902,105,65
1693769920902,105,67
1693769920902,105,70
1693769920903,105,73
1693769920982,104,76
1693769920982,103,79
1693769920982,101,84
1693769920982,100,87
1693769920982,98,911693769921061,97,92
1693769921061,96,94
1693769921061,94,95
1693769921140,93,96
1693769921140,90,96
1693769921140,86,96
1693769921140,83,95
1693769921140,78,91
1693769921219,75,87
1693769921219,74,83
1693769921219,72,74
1693769921219,72,70
1693769921219,72,64
1693769921219,74,60
1693769921219,77,56
1693769921298,79,54
1693769921298,82,52
1693769921298,83,51
1693769921298,84,51
1693769921377,85,51
1693769921377,85,51
1693769921377,85,51
1693769921378,85,50
1693769921456,85,50
1693769921457,84,50
1693769921457,83,50
1693769921457,79,50
1693769921457,76,50
1693769921457,73,50
1693769921536,70,511693769921536,68,52
1693769921536,67,54
1693769921615,66,57
1693769921615,66,60
1693769921615,66,63
1693769921615,66,66
1693769921615,67,68
1693769921615,69,71
1693769921615,72,73
1693769921694,76,78
1693769921694,78,81
1693769921694,80,85
1693769921694,81,89
1693769921774,81,92
1693769921774,81,95
1693769921774,81,97
1693769921853,77,99
1693769921853,76,99
1693769921853,73,99
1693769921853,70,96
1693769921935,68,92
1693769921935,66,88
1693769921935,65,83
1693769921935,65,79
1693769921936,65,73
1693769922016,65,69
1693769922016,67,66
1693769922016,70,63
1693769922016,72,62
1693769922016,74,611693769922016,77,61
1693769922097,80,61
1693769922097,84,61
1693769922097,89,61
1693769922097,92,61
1693769922097,94,59
1693769922097,96,58
1693769922177,96,57
1693769922177,97,56
1693769922177,97,54
1693769922177,97,53
1693769922256,94,50
1693769922256,93,49
1693769922256,88,47
1693769922256,86,47
1693769922335,83,47
1693769922336,81,47
1693769922336,79,47
1693769922336,79,48
1693769922415,78,50
1693769922415,78,53
1693769922415,78,57
1693769922415,78,60
1693769922415,78,62
1693769922415,78,63
1693769922415,78,63
1693769922494,78,63
1693769923365,78,63
1693769923444,78,63
1693769923444,76,641693769923444,71,68
1693769923444,68,70
1693769923444,65,73
1693769923523,63,74
1693769923523,62,75
1693769923523,61,76
1693769923523,60,76
1693769923605,60,77
1693769923605,60,77
1693769923605,59,77
1693769923684,59,77
1693769924038,59,77
1693769924118,60,76
1693769924118,62,76
1693769924118,69,75
1693769924118,80,75
1693769924118,91,75
1693769924118,99,77
1693769924118,105,78
1693769924118,108,80
1693769924204,110,81
1693769924204,111,81
1693769924204,111,82
1693769924615,111,82
1693769924695,111,82
1693769924695,110,83
1693769924695,108,86
1693769924695,105,90
1693769924695,102,96
1693769924695,97,1061693769924797,94,110
1693769924797,92,114
1693769924798,90,116
1693769924876,89,117
1693769924876,87,117
1693769924877,81,116
1693769924877,76,111
1693769924877,73,107
1693769924877,71,105
1693769924877,66,98
1693769924956,64,93
1693769924956,64,88
1693769925035,63,83
1693769925035,63,78
1693769925035,63,72
1693769925035,65,67
1693769925035,67,63
1693769925036,70,57
1693769925036,72,53
1693769925036,75,48
1693769925115,77,45
1693769925115,77,43
1693769925115,77,42
1693769925115,77,41
1693769925195,77,41
1693769925195,75,41
1693769925195,72,41
1693769925196,67,43
1693769925196,65,45
1693769925275,64,471693769925276,64,49
1693769925276,64,53
1693769925276,64,57
1693769925276,66,61
1693769925355,68,65
1693769925355,70,69
1693769925355,74,72
1693769925355,79,74
1693769925355,83,75
1693769925434,87,76
1693769925434,89,76
1693769925434,90,76
1693769925434,91,76
1693769925434,92,76
1693769925513,92,76
1693769925513,92,77
1693769925513,92,77
1693769925592,92,77
1693769925592,90,77
1693769925592,83,79
1693769925593,80,80
1693769925593,73,81
1693769925672,68,81
1693769925672,58,81
1693769925672,53,81
1693769925672,49,81
1693769925672,48,81
1693769925751,45,81
1693769925751,45,81
1693769925751,45,811693769925751,45,80
1693769925830,45,80
1693769925830,46,80
1693769925830,46,80
1693769925830,47,79
1693769925830,50,79
1693769925909,54,78
1693769925909,61,78
1693769925909,67,78
1693769925909,73,78
1693769925989,78,78
1693769925989,81,78
1693769925989,82,78
1693769925989,83,78
1693769925989,83,78
1693769931661,84,78
1693769931742,92,82
1693769931742,140,113
1693769950504,118,0
1693769950585,118,3
1693769950585,117,4
1693769950585,117,7
1693769950585,116,10
1693769950585,116,13
1693769950585,116,17
1693769950664,115,21
1693769950664,114,24
1693769950664,114,28
1693769950664,113,30
1693769950743,113,321693769950743,113,32
1693769950744,113,33
1693769950744,113,33
1693769951661,113,33
1693769951740,113,35
1693769951740,112,38
1693769951819,111,41
1693769951819,110,46
1693769951819,109,48
1693769951820,108,51
1693769951820,108,52
1693769951899,107,54
1693769951899,106,56
1693769951899,106,58
1693769951899,105,60
1693769951899,104,61
1693769951899,103,63
1693769951899,102,64
1693769951979,101,65
1693769951979,101,66
1693769951979,100,67
1693769951979,100,67
1693769951979,99,67
1693769952058,98,67
1693769952058,96,67
1693769952058,95,67
1693769952137,93,67
1693769952137,90,67
1693769952137,87,67
1693769952138,84,671693769952217,80,67
1693769952217,77,67
1693769952217,73,68
1693769952217,69,69
1693769952217,63,73
1693769952217,61,75
1693769952217,57,78
1693769952296,56,80
1693769952296,55,82
1693769952297,54,85
1693769952297,54,87
1693769952297,54,88
1693769952376,54,92
1693769952376,54,95
1693769952376,54,98
1693769952376,55,102
1693769952455,55,104
1693769952455,55,105
1693769952455,56,106
1693769952455,57,107
1693769952455,59,107
1693769952534,62,107
1693769952534,67,104
1693769952534,71,102
1693769952614,76,100
1693769952614,81,97
1693769952614,86,95
1693769952614,90,94
1693769952614,93,93
1693769952614,96,921693769952614,98,92
1693769952774,101,92
1693769952854,103,92
1693769952854,104,92
1693769952854,105,93
1693769952854,106,94
1693769952854,106,96
1693769952854,107,98
1693769952854,107,101
1693769952854,107,104
1693769952854,107,107
1693769952854,107,110
1693769952934,107,111
1693769953013,106,112
1693769953014,106,113
1693769953014,106,113
1693769953014,106,114
1693769953366,105,114
1693769953446,105,115
1693769953446,104,117
1693769953446,102,120
1693769953446,99,123
1693769953525,97,127
1693769953525,94,131
1693769953525,92,132
1693769953526,91,135
1693769953605,89,137
1693769953605,88,137
1693769953605,86,139
1693769953605,84,1401693769953605,82,140
1693769953605,79,140
1693769953605,76,137
1693769953690,75,136
1693769953690,71,131
1693769953690,68,128
1693769953770,66,124
1693769953770,63,121
1693769953770,60,117
1693769953770,58,114
1693769953770,56,110
1693769953770,55,107
1693769953849,54,105
1693769953850,54,103
1693769953850,54,100
1693769953850,54,98
1693769953929,54,96
1693769953929,54,95
1693769953929,54,94
1693769953929,55,92
1693769954008,59,90
1693769954008,66,85
1693769954008,73,80
1693769954008,84,72
1693769954008,91,66
1693769954087,94,62
1693769954087,97,59
1693769954088,98,57
1693769954088,99,56
1693769954088,99,551693769954088,99,55
1693769954166,98,55
1693769954167,94,55
1693769954167,90,55
1693769954167,85,58
1693769954167,80,63
1693769954246,76,67
1693769954246,73,71
1693769954246,71,76
1693769954246,70,80
1693769954246,70,84
1693769954325,70,89
1693769954325,72,94
1693769954325,75,99
1693769954325,81,103
1693769954408,91,107
1693769954408,94,108
1693769954408,100,108
1693769954408,107,108
1693769954408,110,108
1693769954494,112,107
1693769954494,114,107
1693769954494,115,107
1693769954494,117,108
1693769954494,117,110
1693769954494,117,120
1693769954574,116,130
1693769954574,112,139
1693769954574,106,147
1693769954653,102,1511693769954653,96,155
1693769954653,91,156
1693769954654,86,154
1693769954733,81,147
1693769954733,78,142
1693769954733,75,135
1693769954734,75,129
1693769954734,75,123
1693769954734,80,119
1693769954838,89,116
1693769954839,96,115
1693769954839,103,115
1693769954839,108,115
1693769954839,110,114
1693769954839,112,114
1693769954839,113,112
1693769954918,113,108
1693769954918,112,104
1693769954918,105,93
1693769954918,104,91
1693769954918,99,86
1693769954999,96,83
1693769954999,93,82
1693769954999,89,82
1693769954999,85,85
1693769955078,83,89
1693769955078,81,94
1693769955078,79,98
1693769955157,78,100
1693769955158,78,1011693769955237,78,102
1693769955237,77,102
1693769955237,77,101
1693769955237,77,100
1693769955237,77,96
1693769955237,77,93
1693769955237,77,89
1693769955238,77,86
1693769955316,77,85
1693769955317,77,83
1693769955399,77,83
1693769955399,77,83
1693769955399,77,83
1693769955483,77,83
1693769955575,78,83
1693769955654,78,82
1693769955654,79,81
1693769955654,79,81
1693769955654,80,81
1693769955654,80,80
1693769955734,80,80
1693769955813,80,80
1693769955813,81,79
1693769955813,82,78
1693769955813,82,78
1693769955814,82,78
1693769955814,83,78
1693769955814,84,77
1693769955814,86,77
1693769955934,87,761693769956013,88,76
1693769956013,89,75
1693769956013,89,75
1693769956013,89,75
1693769956013,90,75
1693769956013,90,75
1693769956101,90,75
1693769956102,90,74
1693769956102,91,74
1693769956181,92,73
1693769956181,93,72
1693769956181,94,71
1693769956181,96,70
1693769956181,97,68
1693769956181,97,68
1693769956181,98,67
1693769956181,98,67
1693769956181,99,66
1693769956181,100,66
1693769956260,101,65
1693769956260,101,65
1693769956260,102,65
1693769956260,102,64
1693769956339,102,64
1693769956339,102,64
1693769956340,103,64
1693769956340,104,64
1693769956419,105,63
1693769956419,106,63
1693769956419,107,621693769956420,108,62
1693769956420,109,62
1693769956420,112,61
1693769956420,114,60
1693769956420,117,59
1693769956499,118,59
1693769956500,120,58
1693769956500,120,58
1693769956500,121,58
1693769956583,121,58
1693769957014,121,58
1693769957093,122,59
1693769957093,123,61
1693769957094,124,63
1693769957094,125,66
1693769957173,126,69
1693769957173,126,70
1693769957173,126,71
1693769957173,126,73
1693769957173,126,74
1693769957252,126,75
1693769957252,126,77
1693769957252,126,79
1693769957252,126,81
1693769957252,126,83
1693769957331,125,84
1693769957331,125,85
1693769957332,125,86
1693769957332,125,86
1693769957411,124,861693769957411,124,86
1693769957411,124,86
1693769957411,123,86
1693769957490,123,86
1693769957490,121,86
1693769957490,120,86
1693769957490,118,86
1693769957490,116,86
1693769957490,116,86
1693769957569,114,86
1693769957569,114,86
1693769957569,110,86
1693769957569,107,86
1693769957648,105,86
1693769957649,100,86
1693769957649,97,86
1693769957649,95,86
1693769957649,93,86
1693769957728,91,86
1693769957728,91,86
1693769957728,90,86
1693769957728,89,87
1693769957807,87,87
1693769957807,86,87
1693769957807,85,88
1693769957808,84,88
1693769957887,82,89
1693769957887,81,89
1693769957887,78,89
1693769957887,76,891693769957887,74,90
1693769957887,71,90
1693769957887,70,90
1693769957966,69,90
1693769957966,68,90
1693769957966,68,90
1693769958301,68,90
1693769958485,68,89
1693769958565,68,88
1693769958565,68,86
1693769958565,68,81
1693769958565,69,78
1693769958565,69,73
1693769958565,70,70
1693769958644,70,67
1693769958644,71,66
1693769958644,71,65
1693769958644,71,65
1693769958644,71,65
1693769958782,71,65
1693769958782,71,65
1693769958861,71,64
1693769958861,72,63
1693769958861,73,61
1693769958861,74,59
1693769958861,76,57
1693769958861,77,55
1693769958861,78,54
1693769958862,78,53
1693769958941,79,531693769958941,79,53
1693769959021,79,52
1693769959021,79,52
1693769959105,79,52
1693769959105,79,52
1693769959105,80,51
1693769959105,82,50
1693769959214,84,49
1693769959214,88,48
1693769959214,91,47
1693769959214,93,46
1693769959214,95,45
1693769959293,96,45
1693769959294,97,44
1693769959294,97,44
1693769959422,97,44
1693769959503,98,44
1693769959503,99,45
1693769959503,100,47
1693769959503,102,48
1693769959503,103,50
1693769959503,105,52
1693769959503,106,54
1693769959605,108,56
1693769959606,109,57
1693769959606,109,59
1693769959685,110,61
1693769959685,110,62
1693769959685,110,64
1693769959685,110,661693769959685,110,67
1693769959685,110,67
1693769959685,109,68
1693769959764,109,68
1693769959764,109,68
1693769959764,109,69
1693769959844,109,69
1693769959844,108,69
1693769959844,106,70
1693769959844,104,71
1693769959925,101,72
1693769959925,99,73
1693769959925,97,74
1693769959925,94,75
1693769959925,93,76
1693769960005,88,77
1693769960006,87,78
1693769960006,84,80
1693769960006,81,81
1693769960086,79,82
1693769960086,76,83
1693769960086,74,84
1693769960086,73,85
1693769960086,71,86
1693769960086,70,87
1693769960086,67,89
1693769960181,66,90
1693769960181,65,91
1693769960181,65,91
1693769960701,65,911693769960798,66,90
1693769960798,68,89
1693769960798,73,88
1693769960798,77,87
1693769960798,83,85
1693769960798,86,85
1693769960798,88,84
1693769960877,89,84
1693769960877,90,84
1693769960877,91,84
1693769960878,91,85
1693769960878,91,89
1693769960878,91,93
1693769960957,91,98
1693769960957,90,101
1693769960957,90,103
1693769960957,89,104
1693769960957,89,104
1693769961036,89,104
1693769961036,89,104
1693769961036,86,105
1693769961036,84,106
1693769961118,82,106
1693769961118,79,106
1693769961118,77,106
1693769961118,76,105
1693769961118,76,102
1693769961200,76,100
1693769961200,76,93
1693769961200,78,881693769961200,82,83
1693769961279,84,79
1693769961279,87,75
1693769961279,89,73
1693769961279,90,71
1693769961280,91,70
1693769961280,91,70
1693769961280,91,70
1693769961358,91,70
1693769961359,90,69
1693769961359,87,69
1693769961438,84,69
1693769961438,78,69
1693769961438,75,69
1693769961438,70,73
1693769961517,69,75
1693769961517,68,78
1693769961517,67,80
1693769961517,67,84
1693769961517,67,86
1693769961517,67,87
1693769961600,68,89
1693769961600,70,90
1693769961600,73,90
1693769961600,77,90
1693769961680,84,87
1693769961680,89,84
1693769961680,94,79
1693769961680,97,75
1693769961680,98,701693769961681,98,66
1693769961759,96,63
1693769961759,90,61
1693769961759,84,61
1693769961759,76,61
1693769961849,71,64
1693769961849,65,67
1693769961849,62,70
1693769961849,61,71
1693769961849,61,73
1693769961928,61,76
1693769961928,66,80
1693769961928,70,82
1693769961928,74,85
1693769962008,79,86
1693769962008,81,86
1693769962008,87,86
1693769962008,90,86
1693769962087,92,84
1693769962087,93,80
1693769962088,93,78
1693769962088,88,74
1693769962088,84,72
1693769962088,75,71
1693769962088,68,71
1693769962088,61,71
1693769962167,56,74
1693769962167,52,76
1693769962167,50,78
1693769962167,49,801693769962246,49,83
1693769962246,54,85
1693769962246,62,88
1693769962246,69,89
1693769962246,74,90
1693769962325,81,90
1693769962325,84,90
1693769962325,88,88
1693769962325,89,86
1693769962411,89,84
1693769962411,88,79
1693769962411,83,75
1693769962411,80,72
1693769962491,74,68
1693769962491,72,67
1693769962491,71,67
1693769962491,68,67
1693769962491,66,67
1693769962491,64,70
1693769962491,63,73
1693769962570,62,78
1693769962570,62,82
1693769962570,62,86
1693769962649,63,90
1693769962649,65,92
1693769962649,67,94
1693769962649,68,95
1693769962649,69,95
1693769962649,69,96
1693769962728,70,971693769962729,70,98
1693769962729,70,99
1693769962729,70,100
1693769962810,70,100
1693769962810,70,101
1693769962895,70,100
1693769962975,70,100
1693769962975,70,99
1693769962975,70,98
1693769962975,70,98
1693769962975,70,97
1693769963262,70,97
1693769963341,70,97
1693769963341,70,97
1693769963341,70,96
1693769963341,71,95
1693769963341,71,94
1693769963422,71,94
1693769963422,71,93
1693769963422,71,93
1693769963422,71,93
1693769963501,71,93
1693769963501,71,92
1693769963501,72,90
1693769963502,72,88
1693769963502,72,86
1693769963502,72,85
1693769963581,72,84
1693769963581,72,84
1693769963581,72,831693769963822,72,83
1693769963822,72,82
1693769963822,72,81
1693769963901,72,78
1693769963902,72,75
1693769963902,72,72
1693769963903,72,70
1693769963981,72,68
1693769963981,72,68
1693769963981,72,67
1693769964060,72,67
1693769964140,72,67
1693769964219,72,67
1693769964298,72,66
1693769964461,72,66
1693769964540,75,65
1693769964540,78,63
1693769964540,81,61
1693769964619,84,60
1693769964619,86,59
1693769964620,87,59
1693769964620,87,59
1693769964620,88,58
1693769964620,89,58
1693769964620,91,58
1693769964718,93,58
1693769964718,96,58
1693769964798,98,58
1693769964798,99,58
1693769964798,100,581693769964799,100,58
1693769965222,100,58
1693769965222,100,58
1693769965621,100,59
1693769965622,100,62
1693769965622,101,68
1693769965701,101,72
1693769965701,101,77
1693769965800,101,80
1693769965801,102,82
1693769965801,102,83
1693769965801,102,84
1693769966341,102,84
1693769966341,102,85
1693769966420,101,87
1693769966421,99,89
1693769966421,97,91
1693769966500,95,93
1693769966500,93,94
1693769966500,91,94
1693769966500,89,94
1693769966595,87,94
1693769966595,86,92
1693769966595,84,91
1693769966595,83,90
1693769966595,82,89
1693769966675,81,89
1693769966675,81,89
1693769966675,81,89
1693769966984,81,881693769967063,80,86
1693769967063,80,85
1693769967063,77,79
1693769967063,76,72
1693769967142,75,67
1693769967228,74,63
1693769967228,73,60
1693769967229,73,59
1693769967229,71,58
1693769967229,67,58
1693769967229,60,60
1693769967229,58,61
1693769967229,53,66
1693769967229,51,69
1693769967229,51,72
1693769967321,51,75
1693769967321,51,77
1693769967321,52,80
1693769967321,54,82
1693769967321,56,85
1693769967321,59,87
1693769967321,61,89
1693769967403,63,90
1693769967403,66,92
1693769967403,70,93
1693769967403,76,93
1693769967403,81,93
1693769967482,86,93
1693769967482,89,93
1693769967482,91,931693769967482,91,91
1693769967482,91,88
1693769967562,91,84
1693769967562,89,80
1693769967562,85,75
1693769967562,82,73
1693769967642,80,72
1693769967642,76,70
1693769967642,69,70
1693769967642,65,70
1693769967642,62,72
1693769967721,60,73
1693769967721,59,74
1693769967721,58,75
1693769967721,58,77
1693769967802,58,80
1693769967802,60,82
1693769967802,63,86
1693769967802,66,89
1693769967802,69,92
1693769967802,72,94
1693769967894,75,95
1693769967894,79,96
1693769967894,83,96
1693769967894,86,96
1693769967894,90,96
1693769967974,93,94
1693769967974,96,92
1693769967974,97,90
1693769967974,98,881693769968054,99,86
1693769968054,99,83
1693769968054,97,80
1693769968054,93,78
1693769968054,90,75
1693769968133,84,73
1693769968133,78,71
1693769968133,73,71
1693769968133,68,71
1693769968134,64,71
1693769968134,62,73
1693769968134,60,74
1693769968213,59,76
1693769968214,59,77
1693769968293,59,80
1693769968293,59,82
1693769968293,62,86
1693769968293,67,90
1693769968293,71,95
1693769968293,75,99
1693769968293,79,102
1693769968372,83,103
1693769968372,88,103
1693769968372,91,103
1693769968372,94,101
1693769968372,97,97
1693769968480,100,92
1693769968480,102,86
1693769968480,103,77
1693769968480,102,701693769968480,99,66
1693769968559,96,63
1693769968559,91,59
1693769968559,87,57
1693769968559,84,56
1693769968559,81,56
1693769968638,80,56
1693769968639,78,56
1693769968639,77,56
1693769968639,76,58
1693769968639,74,61
1693769968718,73,64
1693769968718,72,68
1693769968718,72,71
1693769968718,72,75
1693769968804,72,79
1693769968804,74,83
1693769968804,77,86
1693769968804,81,90
1693769968804,84,91
1693769968884,88,93
1693769968884,93,93
1693769968884,97,93
1693769968884,101,90
1693769968884,103,87
1693769968884,105,81
1693769968963,105,77
1693769968963,105,75
1693769968963,103,73
1693769968963,102,721693769969045,102,72
1693769969045,101,72
1693769969045,101,72
1693769969124,100,72
1693769969125,100,72
1693769969125,100,72
1693769969125,99,72
1693769969204,99,72
1693769969205,98,73
1693769969205,98,73
1693769969284,97,73
1693769969284,97,73
1693769969284,97,73
1693769969284,96,74
1693769969284,96,74
1693769969575,96,74
1693769969654,96,74
1693769969654,97,75
1693769969654,97,75
1693769969654,97,76
1693769969654,97,77
1693769969654,97,77
1693769969733,97,78
1693769969733,97,79
1693769969733,97,80
1693769969814,97,81
1693769969814,97,83
1693769969814,97,85
1693769969814,97,87
1693769969814,97,881693769969814,97,89
1693769969814,97,90
1693769969900,97,91
1693769969901,97,92
1693769969901,97,92
1693769969901,97,93
1693769969901,97,93
1693769969980,97,94
1693769969981,97,94
1693769969981,97,95
1693769969981,97,95
1693769970062,97,95
1693769970062,97,95
1693769970062,97,96
1693769970143,96,96
1693769970143,96,96
1693769970143,95,97
1693769970143,93,98
1693769970224,93,98
1693769970224,91,99
1693769970224,90,100
1693769970305,89,100
1693769970305,87,100
1693769970306,87,101
1693769970306,84,101
1693769970306,82,101
1693769970306,81,101
1693769970306,80,101
1693769970306,78,101
1693769970385,78,1011693769970385,76,101
1693769970385,76,101
1693769970385,75,101
1693769970466,74,101
1693769970466,73,101
1693769970466,72,100
1693769970466,72,100
1693769970466,71,100
1693769970545,70,100
1693769970545,70,100
1693769970545,69,100
1693769970545,68,100
1693769970545,68,100
1693769970624,67,100
1693769970624,66,100
1693769970624,66,100
1693769970624,65,100
1693769970893,65,100
1693769970972,64,100
1693769970972,63,100
1693769970972,62,100
1693769971054,61,100
1693769971054,61,100
1693769971054,60,100
1693769971405,60,100
1693769971484,60,100
1693769971484,60,99
1693769971484,59,98
1693769971484,59,96
1693769971484,58,951693769971485,58,94
1693769971564,58,94
1693769971564,58,93
1693769971643,58,93
1693769971644,58,92
1693769971644,58,91
1693769971644,58,88
1693769971723,58,87
1693769971723,58,84
1693769971723,58,83
1693769971723,58,82
1693769971723,58,81
1693769971802,59,80
1693769971802,60,79
1693769971802,62,77
1693769971802,65,74
1693769971802,67,71
1693769971883,68,67
1693769971883,70,65
1693769971883,71,63
1693769971883,71,62
1693769971883,72,61
1693769971962,72,61
1693769971962,72,61
1693769971962,73,60
1693769971962,75,57
1693769972041,78,55
1693769972041,80,52
1693769972042,83,50
1693769972042,84,481693769972042,85,47
1693769972121,86,46
1693769972121,88,45
1693769972121,88,44
1693769972121,89,44
1693769972200,90,43
1693769972200,91,42
1693769972200,92,41
1693769972200,93,40
1693769972279,94,40
1693769972279,94,39
1693769972279,95,39
1693769972279,95,39
1693769972279,95,38
1693769972279,96,38
1693769972358,97,37
1693769972358,98,37
1693769972359,100,35
1693769972359,102,34
1693769972359,103,32
1693769972438,105,31
1693769972438,106,31
1693769972438,107,31
1693769972438,109,30
1693769972438,110,30
1693769972517,111,30
1693769972517,113,29
1693769972517,114,29
1693769972517,116,29
1693769972596,116,291693769972597,118,29
1693769972597,118,29
1693769972597,119,29
1693769972597,120,29
1693769972597,121,30
1693769972676,122,31
1693769972676,123,32
1693769972676,124,35
1693769972676,124,37
1693769972755,125,40
1693769972755,126,43
1693769972755,126,47
1693769972755,126,50
1693769972836,126,53
1693769972836,126,56
1693769972836,126,58
1693769972836,126,62
1693769972836,126,66
1693769972915,126,69
1693769972915,126,71
1693769972915,126,76
1693769972915,126,79
1693769972915,125,82
1693769972998,124,84
1693769972998,123,86
1693769972998,122,87
1693769972998,121,88
1693769972998,120,89
1693769973078,120,90
1693769973078,119,911693769973078,118,92
1693769973078,117,93
1693769973158,116,95
1693769973158,115,96
1693769973158,114,98
1693769973158,113,100
1693769973158,111,102
1693769973159,109,104
1693769973238,107,105
1693769973238,106,106
1693769973238,105,106
1693769973238,104,107
1693769973238,101,108
1693769973317,98,109
1693769973317,92,111
1693769973317,84,114
1693769973397,80,116
1693769973397,78,116
1693769973397,73,117
1693769973397,71,117
1693769973398,69,117
1693769973398,66,117
1693769973477,64,117
1693769973477,63,117
1693769973477,62,117
1693769973477,62,117
1693769973983,62,116
1693769974062,62,116
1693769974062,62,115
1693769974062,62,1131693769974062,62,110
1693769974062,61,106
1693769974141,61,102
1693769974141,60,98
1693769974222,59,93
1693769974222,59,91
1693769974222,59,88
1693769974222,58,83
1693769974222,58,82
1693769974222,58,80
1693769974222,58,80
1693769974222,58,79
1693769974302,58,79
1693769974302,58,79
1693769974381,58,79
1693769974381,57,79
1693769974381,57,79
1693769974381,57,79
1693769974460,57,78
1693769974460,57,78
1693769974539,57,78
1693769974618,57,78
1693769974619,57,78
1693769974698,57,78
1693769974778,57,77
1693769974857,57,77
1693769974857,57,76
1693769974857,57,75
1693769974857,57,72
1693769974858,57,681693769974937,58,64
1693769974937,59,59
1693769974937,60,57
1693769974937,60,56
1693769974937,61,56
1693769975016,61,56
1693769975016,61,56
1693769975016,61,56
1693769975016,62,56
1693769975098,62,56
1693769975098,62,56
1693769975098,62,57
1693769975421,63,57
1693769975422,65,57
1693769975422,69,57
1693769975501,74,57
1693769975501,78,57
1693769975501,82,57
1693769975501,85,57
1693769975594,88,59
1693769975594,90,60
1693769975594,91,63
1693769975594,91,67
1693769975674,91,70
1693769975674,90,76
1693769975674,88,80
1693769975674,85,85
1693769975674,84,87
1693769975674,83,89
1693769975753,82,891693769975753,82,89
1693769975753,83,89
1693769975753,85,89
1693769975753,89,87
1693769975832,92,86
1693769975832,96,82
1693769975832,99,79
1693769975911,101,74
1693769975911,101,69
1693769975911,98,65
1693769975911,90,62
1693769975911,74,60
1693769975911,68,60
1693769975911,57,63
1693769975990,49,69
1693769975990,46,74
1693769975990,46,78
1693769975990,51,83
1693769975990,53,85
1693769976069,56,87
1693769976069,64,91
1693769976069,69,91
1693769976148,76,91
1693769976148,81,90
1693769976148,86,87
1693769976148,88,84
1693769976148,89,81
1693769976148,89,77
1693769976227,83,74
1693769976227,74,711693769976227,62,71
1693769976309,51,71
1693769976309,45,72
1693769976309,40,74
1693769976309,38,75
1693769976309,38,78
1693769976309,42,81
1693769976309,46,83
1693769976392,52,86
1693769976392,58,88
1693769976392,63,89
1693769976393,69,89
1693769976472,72,86
1693769976472,75,83
1693769976472,77,78
1693769976472,77,73
1693769976472,75,69
1693769976551,70,67
1693769976551,66,65
1693769976551,62,64
1693769976551,58,64
1693769976551,55,64
1693769976630,53,65
1693769976630,53,69
1693769976630,53,73
1693769976630,53,77
1693769976630,57,82
1693769976709,60,86
1693769976709,65,88
1693769976710,69,891693769976710,73,89
1693769976788,77,87
1693769976789,80,84
1693769976789,81,82
1693769976789,81,80
1693769976789,81,78
1693769976868,77,77
1693769976868,75,77
1693769976868,74,77
1693769976868,73,77
1693769976868,72,78
1693769976947,72,80
1693769976947,71,83
1693769976947,70,86
1693769976947,69,88
1693769977026,68,90
1693769977026,68,90
1693769977026,68,91
1693769977026,68,91
1693769977026,68,91
1693769977026,68,92
1693769977105,68,94
1693769977105,68,95
1693769977105,68,96
1693769977105,68,97
1693769977195,68,97
1693769977195,68,97
1693769977195,68,98
1693769977195,68,98
1693769977275,68,981693769977275,67,99
1693769977275,67,100
1693769977275,67,102
1693769977275,66,103
1693769977354,65,105
1693769977354,64,107
1693769977354,64,109
1693769977354,63,111
1693769977354,62,112
1693769977433,62,113
1693769977433,61,114
1693769977433,61,114
1693769977514,61,114
1693769977622,61,114
1693769977622,61,112
1693769977701,61,110
1693769977702,61,109
1693769977702,61,107
1693769977702,61,105
1693769977781,61,103
1693769977781,61,101
1693769977781,61,99
1693769977781,61,95
1693769977862,61,93
1693769977862,62,87
1693769977862,62,83
1693769977862,62,81
1693769977942,62,80
1693769977942,62,79
1693769977942,62,791693769977942,62,79
1693769977942,60,79
1693769977942,59,79
1693769977942,59,79
1693769978021,58,79
1693769978021,58,78
1693769978021,58,78
1693769978022,58,78
1693769978022,58,78
1693769978101,58,78
1693769978181,57,78
1693769978181,56,78
1693769978181,54,78
1693769978181,51,78
1693769978181,49,78
1693769978260,47,77
1693769978260,46,77
1693769978260,44,77
1693769978260,44,76
1693769978260,43,76
1693769978339,43,76
1693769978339,42,75
1693769978340,41,74
1693769978340,40,72
1693769978419,39,70
1693769978419,38,67
1693769978419,38,65
1693769978419,38,64
1693769978419,38,64
1693769978420,38,631693769978502,38,63
1693769978502,38,62
1693769978502,39,61
1693769978502,40,59
1693769978502,42,57
1693769978583,45,54
1693769978583,48,51
1693769978583,50,49
1693769978583,52,48
1693769978584,54,48
1693769978662,55,48
1693769978663,58,48
1693769978663,60,48
1693769978663,62,48
1693769978663,64,48
1693769978742,67,49
1693769978742,69,51
1693769978825,71,53
1693769978825,73,58
1693769978825,74,62
1693769978825,74,67
1693769978825,74,72
1693769978825,74,75
1693769978825,74,77
1693769978825,74,79
1693769978908,75,80
1693769978908,79,81
1693769978908,83,82
1693769978908,90,82
1693769978987,94,821693769978988,101,79
1693769978988,104,76
1693769978988,105,74
1693769979067,105,69
1693769979067,101,61
1693769979067,97,57
1693769979067,93,53
1693769979067,91,51
1693769979146,91,50
1693769979146,90,49
1693769979225,90,50
1693769979334,90,50
1693769979421,91,48
1693769979421,93,46
1693769979421,97,42
1693769979421,110,29
1693769979501,117,22
1693769979501,126,13
1693769979501,133,4
1693769984455,18,170
1693769984534,30,160
1693769984534,51,140
1693769984534,63,128
1693769984534,77,116
1693769984613,87,108
1693769984613,92,104
1693769984613,97,101
1693769984613,102,97
1693769984613,109,94
1693769984613,117,921693769984613,125,90
1693769984692,130,89
1693769984692,138,87
1693769984692,145,87
1693769984692,149,87
1693769984692,154,87
1693769984771,158,87
1693769984771,160,87
1693769984771,162,87
1693769984771,162,88
1693769984850,163,88
1693769984850,165,87
1693769985063,165,88
1693769985143,165,89
1693769985143,165,94
1693769985143,166,97
1693769985143,168,101
1693769985143,172,105
1693769985222,175,111
1693769985222,177,117
1693769985222,179,126
1693769985222,180,134
1693769985301,180,140
1693769985301,180,150
1693769985301,180,155
1693769985301,180,160
1693769985301,180,165
1693769985381,181,169
1693769985381,181,172
1693769985381,181,1751693769985460,181,178
1693769985460,181,180
1693769985460,181,183
1693769985460,181,185
1693769985460,181,188
1693769985460,181,189
1693769985539,181,190
1693769985539,181,191
1693769985539,181,192
1693769985539,181,192
1693769985539,181,193
1693769985618,181,195
1693769985618,181,196
1693769985618,181,198
1693769985618,181,200
1693769985618,181,203
1693769985618,181,206
1693769985697,181,208
1693769985697,181,209
1693769985697,181,210
1693769985697,181,211
1693769985816,181,213
1693769985816,181,215
1693769985816,181,217
1693769985816,181,218
1693769985816,181,219
1693769985816,181,219
1693769985816,181,219
1693769985895,181,218
1693769985895,179,2121693769985895,177,204
1693769985895,174,194
1693769985975,172,184
1693769985975,170,174
1693769985975,169,169
1693769985975,167,162
1693769985975,165,154
1693769986057,163,145
1693769986057,160,137
1693769986057,158,128
1693769986136,157,120
1693769986136,156,113
1693769986136,155,111
1693769986136,155,106
1693769986136,155,105
1693769986136,155,104
1693769986215,155,104
1693769986215,154,104
1693769986295,154,104
1693769986295,154,104
1693769986295,154,104
1693769986374,153,104
1693769986374,153,104
1693769986374,151,104
1693769986374,148,104
1693769986374,142,104
1693769986453,138,104
1693769986453,133,103
1693769986453,129,102
1693769986454,127,1011693769986534,126,100
1693769986534,124,98
1693769986534,123,97
1693769986534,122,96
1693769986534,122,95
1693769986613,122,95
1693769986614,122,94
1693769986614,122,93
1693769986614,124,92
1693769986614,126,90
1693769986614,129,89
1693769986693,132,87
1693769986693,134,85
1693769986693,136,84
1693769986693,138,82
1693769986693,139,82
1693769986772,141,81
1693769986772,145,80
1693769986772,149,79
1693769986851,154,78
1693769986851,158,78
1693769986851,164,77
1693769986851,168,77
1693769986851,173,76
1693769986930,178,76
1693769986930,181,75
1693769986930,184,75
1693769986930,187,74
1693769987010,190,74
1693769987010,192,731693769987011,195,73
1693769987011,197,72
1693769987011,200,72
1693769987011,201,72
1693769987012,203,72
1693769987097,204,72
1693769987097,206,72
1693769987098,208,72
1693769987177,210,72
1693769987177,213,71
1693769987177,216,71
1693769987177,219,71
1693769987177,223,71
1693769987177,226,71
1693769987256,229,71
1693769987257,231,71
1693769987257,233,71
1693769987257,236,71
1693769987336,240,70
1693769987337,243,70
1693769987337,247,70
1693769987337,249,70
1693769987337,251,70
1693769987416,252,70
1693769987416,252,70
1693769987416,253,70
1693769987416,254,70
1693769987416,256,70
1693769987416,257,70
1693769987416,261,701693769987498,263,70
1693769987498,265,70
1693769987498,267,70
1693769987498,269,70
1693769987573,270,70
1693769987573,270,70
1693769987573,271,70
1693769987573,271,70
1693769987573,272,70
1693769987659,273,70
1693769987659,273,70
1693769987659,274,70
1693769987659,275,70
1693769987739,276,70
1693769987739,276,70
1693769987739,278,70
1693769987739,279,70
1693769987739,282,69
1693769987898,284,69
1693769987898,284,69
1693769987898,285,69
1693769987898,287,69
1693769987898,287,69
1693769987899,291,69
1693769987943,294,69
1693769987943,297,69
1693769987943,300,68
1693769987943,303,68
1693769987943,305,68
1693769987943,307,681693769987943,312,68
1693769988020,317,68
1693769988020,323,70
1693769988020,331,72
1693769988020,336,74
1693769988020,343,77
1693769988102,349,79
1693769988102,355,80
1693769988102,362,81
1693769988102,369,84
1693769988102,374,86
1693769988183,381,90
1693769988183,387,94
1693769988183,388,94
1693769988477,388,94
1693769988557,388,93
1693769988557,389,92
1693769988637,391,91
1693769988637,392,91
1693769988637,394,91
1693769988637,395,91
1693769988637,395,91
1693769988637,396,91
1693769988716,397,90
1693769988716,397,90
1693769988716,397,89
1693769988716,390,88
1693769988716,376,88
1693769988797,356,88
1693769988797,328,881693769988797,311,88
1693769988797,300,88
1693769988797,292,88
1693769988876,289,88
1693769988876,287,88
1693769988877,287,88
1693769988956,286,88
1693769988956,284,88
1693769988956,282,88
1693769988956,278,89
1693769988956,278,89
1693769988956,277,89
1693769988956,276,89
1693769989044,276,89
1693769989045,276,88
1693769989125,277,88
1693769989125,277,88
1693769989125,277,88
1693769989207,276,88
1693769989207,275,88
1693769989207,274,88
1693769989207,271,89
1693769989288,268,90
1693769989288,268,90
1693769989288,267,90
1693769989288,266,90
1693769989415,266,90
1693769989499,266,91
1693769989499,266,93
1693769989499,265,961693769989499,262,105
1693769989578,260,112
1693769989579,258,121
1693769989579,257,127
1693769989579,257,132
1693769989579,257,136
1693769989657,257,139
1693769989658,257,141
1693769989658,257,143
1693769989658,257,144
1693769989658,257,146
1693769989737,257,149
1693769989737,257,152
1693769989737,258,155
1693769989817,258,158
1693769989817,259,163
1693769989817,260,167
1693769989818,261,172
1693769989818,262,178
1693769989818,262,186
1693769989818,262,194
1693769989897,262,200
1693769989897,262,205
1693769989897,263,211
1693769989897,263,216
1693769990003,263,220
1693769990004,263,226
1693769990004,264,231
1693769990004,265,238
1693769990004,265,2451693769990083,266,252
1693769990083,267,259
1693769990083,268,266
1693769990083,268,274
1693769990083,268,281
1693769990083,268,288
1693769990162,268,296
1693769990162,268,304
1693769990162,267,310
1693769990162,267,317
1693769990162,267,321
1693769990242,267,325
1693769990242,267,326
1693769990242,267,327
1693769990242,267,327
1693769990321,267,326
1693769990321,266,324
1693769990321,265,321
1693769990321,264,317
1693769990321,262,311
1693769990404,259,303
1693769990405,257,295
1693769990405,255,282
1693769990405,253,273
1693769990405,252,265
1693769990405,252,263
1693769990484,251,255
1693769990484,250,250
1693769990484,249,243
1693769990485,248,2361693769990485,247,228
1693769990564,247,217
1693769990564,246,203
1693769990564,246,189
1693769990564,246,172
1693769990644,246,155
1693769990644,246,138
1693769990644,246,121
1693769990644,247,106
1693769990644,249,93
1693769990723,251,83
1693769990723,253,77
1693769990723,255,72
1693769990723,256,68
1693769990803,258,64
1693769990803,258,64
1693769990803,258,64
1693769990899,259,64
1693769991237,259,64
1693769991237,259,66
1693769991238,258,70
1693769991317,257,73
1693769991317,254,79
1693769991317,251,84
1693769991317,247,88
1693769991317,243,90
1693769991396,240,92
1693769991397,237,93
1693769991397,234,94
1693769991397,231,941693769991476,227,92
1693769991476,222,90
1693769991476,214,86
1693769991476,203,84
1693769991476,191,83
1693769991556,178,83
1693769991556,162,83
1693769991556,146,84
1693769991556,133,89
1693769991556,122,94
1693769991635,117,97
1693769991635,112,100
1693769991635,109,102
1693769991635,108,103
1693769991715,108,104
1693769991935,107,105
1693769992014,105,108
1693769992014,102,114
1693769992014,98,121
1693769992014,95,133
1693769992014,91,147
1693769992097,85,170
1693769992097,78,194
1693769992097,71,226
1693769992097,66,262
1693769992097,65,298
1693769992097,65,344
1693769992176,65,358
1693769993134,65,355
1693769993215,65,348